19
2
0
146998463483515980369852695363816061421271512504
0
64820922882658704890677264124220579009975978046
0
53586169826771240912782877360866291358087017071
162884063887738611336853420574522033969288262731
0
120685172876167660005729594025821715983903657316
0
161472541397958872623336115381237569454856641008
0
0
53559231864925895131811946365304222048473350497
0
72843042907891325780221685248671790097365363603
0
91569828187130763563157672116660237836300562234
85250326949852982093401634943876485675549067965
0
164295586377518350050370725767806498483719884454
0
45021935991130428758158436935269247014247848860
0
0
7404956098416411266914566874373087689407147807
0
61905169827069913190892209841269773602571499024
0
111572711343188871377701681309694074477666136247
9
83177201130655485961560984291016362286181517749
323646697006441579616968810470880787105764660
83177201130655485961560984291016362286181517749
323646697006441579616968810470880787105764660
83177201130655485961560984291016362286181517749
323646697006441579616968810470880787105764660
41588600565327742980780492145508181143090758875
161823348503220789808484405235440393552882330
124442154998976787362724507626053662642166511963
83015377782152265171752499885780921892628635418
41588600565327742980780492145508181143090758874
161823348503220789808484405235440393552882330
